Selection sorting

| 503 | 087 | 512 | 061 | 908 | 170 | 897 | 275 | 653 | 426 | 154 | 509 | 612 | 677 | 765 | 703 |
| 503 | 087 | 512 | 061 | 703 | 170 | 897 | 275 | 653 | 426 | 154 | 509 | 612 | 677 | 765 | 908 |
| 503 | 087 | 512 | 061 | 703 | 170 | 765 | 275 | 653 | 426 | 154 | 509 | 612 | 677 | 897 | 908 |
| 503 | 087 | 512 | 061 | 703 | 170 | 677 | 275 | 653 | 426 | 154 | 509 | 612 | 765 | 897 | 908 |
| 503 | 087 | 512 | 061 | 612 | 170 | 677 | 275 | 653 | 426 | 154 | 509 | 703 | 765 | 897 | 908 |
| 503 | 087 | 512 | 061 | 612 | 170 | 509 | 275 | 653 | 426 | 154 | 677 | 703 | 765 | 897 | 908 |
| ... | ... | ... | ... | ... | ... | ... | ... | ... | ... | ... | ... | ... | ... | ... | ... |
| 061 | 087 | 154 | 170 | 275 | 426 | 503 | 509 | 512 | 612 | 653 | 677 | 703 | 765 | 897 | 908 |

